Macierz
15
10
81.92148 57.961006 57.45679 98.5104 71.82289 31.463455 53.72054 40.329712 73.757545 73.46564 
80.62721 83.24099 30.297787 74.87604 60.295193 54.249786 31.142569 71.99984 54.494953 94.5371 
69.11284 19.119465 51.551773 36.970745 49.81771 67.69463 82.7293 84.41082 39.619045 96.50596 
50.787003 61.614746 78.815285 68.70055 64.69486 20.563269 75.77341 90.33161 47.967754 36.49112 
19.486607 81.025406 48.456894 82.879654 46.963017 12.831944 19.725698 25.283754 5.0082264 26.654482 
58.6749 22.312181 88.21463 47.006214 81.511116 77.61379 83.99024 11.869049 56.43105 98.65797 
36.735493 43.353622 12.790215 99.814674 65.111046 61.464752 34.622 41.1801 44.84483 93.9122 
63.064915 37.260418 53.62879 42.481106 64.74968 56.586838 71.09328 15.463716 29.013603 84.21714 
25.170528 37.088905 88.778534 42.57497 73.731186 61.36569 91.19578 84.94135 37.375877 88.44211 
93.18408 51.959972 43.674706 47.19425 12.53314 40.62789 75.772705 35.58624 11.399221 92.35698 
17.73216 19.22921 30.174171 90.81394 66.68816 73.92544 75.57206 39.442886 7.0910873 16.785288 
17.368872 94.97463 67.04931 26.28516 78.881134 88.021484 60.93006 79.49135 52.624626 0.2996266 
58.603115 86.26823 15.610534 64.42976 60.50731 28.841787 9.683972 45.019 32.38657 0.38645267 
37.76991 76.26502 5.191678 9.692264 73.759384 13.150496 48.203403 88.36082 4.2511044 80.97879 
8.63964 11.844242 96.979836 26.169401 93.4146 62.017868 1.3452888 13.575035 70.68532 4.4608116 
